122
7.87051 1.01091e+09 1 4.74127e+24
7.90684 1.01091e+10 1.14465e+09 4.76316e+24
8.16588 1.01091e+11 1.25444e+10 4.9192e+24
11.6146 1.20979e+12 1.20807e+11 6.99675e+24
16.406 1.39865e+13 1.01555e+12 9.88313e+24
45.1859 1.70103e+14 6.07187e+12 2.72204e+25
212.326 5.81715e+15 4.86257e+13 1.27907e+26
1150.81 1.89981e+17 3.20266e+14 6.93259e+26
10447.3 9.7434e+18 2.08382e+15 6.29355e+27
26242.4 4.97406e+19 4.30045e+15 1.58086e+28
65917.8 2.43058e+20 8.58007e+15 3.97093e+28
165578 1.15003e+21 1.65905e+16 9.97447e+28
416201 5.26879e+21 3.11045e+16 2.50718e+29
1.04545e+06 2.31585e+22 5.62752e+16 6.29765e+29
2.62605e+06 9.76586e+22 9.8148e+16 1.58185e+30
6.59786e+06 3.91121e+23 1.64933e+17 3.97415e+30
8.30621e+06 5.25909e+23 1.83073e+17 5.00307e+30
1.65731e+07 1.43519e+24 2.5719e+17 9.9819e+30
3.30676e+07 3.83363e+24 3.56087e+17 1.99149e+31
6.59938e+07 1.00603e+25 4.84848e+17 3.97406e+31
1.31705e+08 2.60442e+25 6.50546e+17 7.93004e+31
2.62786e+08 6.67745e+25 8.64262e+17 1.58197e+32
3.30905e+08 8.73797e+25 9.33882e+17 1.99192e+32
5.24448e+08 1.62934e+26 1.11157e+18 3.15651e+32
8.31386e+08 3.02908e+26 1.32035e+18 5.00302e+32
1.04665e+09 4.12963e+26 1.43891e+18 6.2978e+32
1.31796e+09 5.03629e+26 1.51596e+18 7.92951e+32
1.66117e+09 7.54641e+26 1.68254e+18 9.99338e+32
2.1598e+09 1.06223e+27 1.84446e+18 1.29913e+33
2.65854e+09 1.39175e+27 1.98151e+18 1.59893e+33
3.32363e+09 1.85995e+27 2.13841e+18 1.99867e+33
4.15511e+09 2.48445e+27 2.3058e+18 2.49833e+33
4.9867e+09 3.1463e+27 2.45078e+18 2.99796e+33
6.65017e+09 4.56353e+27 2.69538e+18 3.99718e+33
8.31425e+09 6.08514e+27 2.89919e+18 4.99652e+33
9.97844e+09 7.69415e+27 3.07532e+18 5.99571e+33
1.16432e+10 9.37865e+27 3.23122e+18 6.99507e+33
1.3308e+10 1.11299e+28 3.37162e+18 7.99428e+33
1.39741e+10 1.18476e+28 3.42419e+18 8.39403e+33
1.66384e+10 1.48068e+28 3.6177e+18 9.99275e+33
1.99698e+10 1.86836e+28 3.82972e+18 1.19913e+34
2.4968e+10 2.48154e+28 4.10317e+18 1.4989e+34
3.33007e+10 3.57249e+28 4.47913e+18 1.99848e+34
4.16373e+10 4.73326e+28 4.78952e+18 2.4981e+34
4.99762e+10 5.95142e+28 5.05568e+18 2.99769e+34
6.66596e+10 8.52669e+28 5.49901e+18 3.99682e+34
8.33514e+10 1.12515e+29 5.86294e+18 4.99601e+34
1.00049e+11 1.40971e+29 6.17346e+18 5.99518e+34
1.33458e+11 2.00752e+29 6.68749e+18 7.9934e+34
1.66883e+11 2.63555e+29 7.10639e+18 9.99154e+34
2.50503e+11 4.30042e+29 7.91172e+18 1.49869e+35
3.3419e+11 6.06067e+29 8.51617e+18 1.99823e+35
3.74372e+11 6.93044e+29 8.7614e+18 2.23797e+35
4.1792e+11 7.88734e+29 9.00266e+18 2.49773e+35
4.6818e+11 9.00784e+29 9.25527e+18 2.79744e+35
5.01687e+11 9.76339e+29 9.4108e+18 2.99721e+35
5.85495e+11 1.16732e+30 9.76207e+18 3.49671e+35
6.69334e+11 1.35332e+30 1.00589e+19 3.99623e+35
7.53205e+11 1.50107e+30 1.02671e+19 4.49579e+35
8.37072e+11 1.60909e+30 1.0403e+19 4.99523e+35
9.20964e+11 1.70048e+30 1.05069e+19 5.49476e+35
1.00488e+12 1.78534e+30 1.0595e+19 5.99438e+35
1.17269e+12 1.9485e+30 1.07449e+19 6.99335e+35
1.34055e+12 2.11053e+30 1.08738e+19 7.99246e+35
1.50839e+12 2.27489e+30 1.09891e+19 8.99132e+35
1.6763e+12 2.44298e+30 1.10946e+19 9.99048e+35
2.51596e+12 3.34989e+30 1.15306e+19 1.49853e+36
3.35601e+12 4.36587e+30 1.18776e+19 1.99804e+36
5.0369e+12 6.67576e+30 1.24315e+19 2.99701e+36
1.35e+14 3.9e+32 1.95623e+19 7.98301e+37
2.7e+14 2.43e+33 2.91183e+19 1.59042e+38
3.20386e+14 3.47309e+33 3.25789e+19 1.88378e+38
3.70772e+14 4.63183e+33 3.58537e+19 2.17605e+38
4.21158e+14 7.03544e+33 4.1766e+19 2.46691e+38
4.71544e+14 1.2204e+34 5.29494e+19 2.75523e+38
5.2193e+14 1.86434e+34 6.53373e+19 3.03989e+38
5.72316e+14 2.63512e+34 7.86526e+19 3.32062e+38
6.22702e+14 3.53211e+34 9.26822e+19 3.59721e+38
6.73088e+14 4.55427e+34 1.07258e+20 3.86953e+38
7.23474e+14 5.70012e+34 1.22245e+20 4.1375e+38
7.7386e+14 6.96775e+34 1.37532e+20 4.4011e+38
8.24247e+14 8.35485e+34 1.53025e+20 4.6603e+38
8.74633e+14 9.85869e+34 1.68647e+20 4.91515e+38
9.25019e+14 1.14761e+35 1.8433e+20 5.16568e+38
9.75405e+14 1.32036e+35 2.00016e+20 5.41196e+38
1.02579e+15 1.50374e+35 2.15657e+20 5.65406e+38
1.07618e+15 1.69731e+35 2.31207e+20 5.89207e+38
1.12656e+15 1.90062e+35 2.46631e+20 6.12607e+38
1.17695e+15 2.11321e+35 2.61895e+20 6.35618e+38
1.22733e+15 2.33455e+35 2.7697e+20 6.5825e+38
1.27772e+15 2.56414e+35 2.91832e+20 6.80514e+38
1.32811e+15 2.80143e+35 3.0646e+20 7.0242e+38
1.37849e+15 3.04588e+35 3.20836e+20 7.2398e+38
1.42888e+15 3.29694e+35 3.34945e+20 7.45206e+38
1.47927e+15 3.55407e+35 3.48776e+20 7.66108e+38
1.52965e+15 3.81674e+35 3.62319e+20 7.86697e+38
1.58004e+15 4.08443e+35 3.75567e+20 8.06985e+38
1.63042e+15 4.35664e+35 3.88517e+20 8.26982e+38
1.68081e+15 4.63291e+35 4.01167e+20 8.46699e+38
1.7312e+15 4.91281e+35 4.13516e+20 8.66146e+38
1.78158e+15 5.19596e+35 4.25569e+20 8.85333e+38
1.83197e+15 5.48201e+35 4.37328e+20 9.04268e+38
1.88235e+15 5.77067e+35 4.48802e+20 9.22962e+38
1.93274e+15 6.06171e+35 4.59997e+20 9.41424e+38
1.98313e+15 6.35496e+35 4.70924e+20 9.5966e+38
2.03351e+15 6.65029e+35 4.81593e+20 9.7768e+38
2.0839e+15 6.94763e+35 4.92018e+20 9.95491e+38
2.13428e+15 7.24697e+35 5.02209e+20 1.0131e+39
2.18467e+15 7.54833e+35 5.12181e+20 1.03051e+39
2.23506e+15 7.85178e+35 5.21946e+20 1.04774e+39
2.28544e+15 8.15737e+35 5.31518e+20 1.06478e+39
2.33583e+15 8.46522e+35 5.40908e+20 1.08164e+39
2.38621e+15 8.77538e+35 5.50128e+20 1.09833e+39
2.4366e+15 9.08792e+35 5.59186e+20 1.11486e+39
2.48699e+15 9.40286e+35 5.6809e+20 1.13122e+39
2.53737e+15 9.72015e+35 5.76846e+20 1.14742e+39
2.58776e+15 1.00397e+36 5.85458e+20 1.16347e+39
2.63814e+15 1.03614e+36 5.93927e+20 1.17936e+39
2.68853e+15 1.06848e+36 6.02253e+20 1.19511e+39
2.73892e+15 1.10098e+36 6.10433e+20 1.21072e+39
2.7893e+15 1.13359e+36 6.18464e+20 1.22618e+39
2.78981e+15 1.13392e+36 6.18544e+20 1.22634e+39
