Mass Radius CentralEnergyDensity
2.00305 9.99052 2.78981e+15
2.00305 9.99079 2.7893e+15
2.00294 10.0198 2.73892e+15
2.00259 10.0494 2.68853e+15
2.00199 10.0796 2.63814e+15
2.0011 10.1104 2.58776e+15
1.99991 10.1417 2.53737e+15
1.99838 10.1736 2.48699e+15
1.99648 10.206 2.4366e+15
1.99418 10.239 2.38621e+15
1.99144 10.2726 2.33583e+15
1.98821 10.3067 2.28544e+15
1.98445 10.3415 2.23506e+15
1.98009 10.377 2.18467e+15
1.97508 10.413 2.13428e+15
1.96933 10.4498 2.0839e+15
1.96278 10.4873 2.03351e+15
1.95532 10.5254 1.98313e+15
1.94687 10.5642 1.93274e+15
1.93729 10.6037 1.88235e+15
1.92648 10.6438 1.83197e+15
1.91428 10.6845 1.78158e+15
1.90054 10.7256 1.7312e+15
1.88509 10.7671 1.68081e+15
1.86773 10.8089 1.63042e+15
1.84825 10.8506 1.58004e+15
1.82641 10.8922 1.52965e+15
1.80196 10.9333 1.47927e+15
1.77461 10.9736 1.42888e+15
1.74404 11.0128 1.37849e+15
1.70992 11.0503 1.32811e+15
1.67186 11.0855 1.27772e+15
1.62947 11.1178 1.22733e+15
1.58231 11.1465 1.17695e+15
1.52992 11.1706 1.12656e+15
1.47182 11.189 1.07618e+15
1.40751 11.2006 1.02579e+15
1.33652 11.2042 9.75405e+14
1.25837 11.1983 9.25019e+14
1.17269 11.1818 8.74633e+14
1.07922 11.1536 8.24247e+14
0.977891 11.1139 7.7386e+14
0.868995 11.0651 7.23474e+14
0.753314 11.0144 6.73088e+14
0.6324 10.981 6.22702e+14
0.508949 11.0124 5.72316e+14
0.387388 11.2342 5.2193e+14
0.274939 12.018 4.71544e+14
0.183917 14.6028 4.21158e+14
0.14442 18.5366 3.70772e+14
0.123909 23.6268 3.20386e+14
