EOS  a1  a2  a3  a4  a5  a6  central_energy cEFT
eosGreif0 1.13326 3.64489 4.84797 5.71515 0.898815 -0.957613 2.92396e+15 stiff
eosGreif1 0.80546 4.50618 5.49548 1.91 0.612625 -1.22891 1.98827e+15 soft
eosGreif2 1.07202 3.76314 4.58081 5.47436 0.765409 -0.918366 2.80474e+15 soft
eosGreif3 1.11525 6.22776 4.28874 12.6135 0.280804 -0.529332 2.41673e+15 stiff
eosGreif4 0.536138 7.11362 2.21716 3.12908 0.854708 -0.0144199 2.9648e+15 stiff
eosGreif5 0.822325 4.81481 3.22364 6.50179 0.357524 -0.477352 2.24358e+15 stiff
eosGreif6 1.04286 3.75254 4.45693 5.61644 0.639041 -0.888979 2.57415e+15 stiff
eosGreif7 0.342192 3.34504 1.05392 1.78417 0.957062 -0.152893 1.84654e+15 stiff
eosGreif8 1.41118 8.01655 6.34569 13.6166 0.404173 -0.756376 2.89235e+15 soft
eosGreif9 0.561042 4.61444 1.70654 6.66794 0.863001 -0.0398646 2.47182e+15 soft
eosGreif10 1.41302 6.19101 4.31591 11.4886 0.67495 -0.657166 2.25932e+15 stiff
eosGreif11 0.379026 2.37536 0.722132 3.10699 0.788866 -0.130962 1.6483e+15 soft
eosGreif12 0.83241 4.90886 0.976381 1.96747 0.18004 -0.227635 2.62952e+15 soft
